541
1 0 7
2 0 1
2 1 19
3 0 5
3 1 10
3 2 4
4 0 7
4 1 20
4 2 8
4 3 13
5 0 15
5 1 11
5 2 10
5 3 7
5 4 4
6 0 9
6 1 15
6 2 10
6 3 9
6 4 2
6 5 20
7 0 6
7 1 10
7 2 14
7 3 19
7 4 2
7 5 9
7 6 14
8 0 8
8 1 9
8 2 15
8 3 9
8 4 8
8 5 8
8 6 18
8 7 1
9 0 5
9 1 5
9 2 1
9 3 13
9 4 17
9 5 1
9 6 4
9 7 12
9 8 14
10 0 19
10 1 4
10 2 1
10 3 20
10 4 17
10 5 3
10 6 1
10 7 15
10 8 4
10 9 4
11 0 18
11 1 7
11 2 16
11 3 2
11 4 13
11 5 5
11 6 15
11 7 6
11 8 8
11 9 20
11 10 14
12 0 20
12 1 13
12 2 18
12 3 13
12 4 7
12 5 13
12 7 8
12 8 3
12 9 3
12 10 14
12 11 19
13 0 1
13 1 1
13 2 1
13 3 1
13 4 9
13 5 13
13 6 7
13 7 3
13 8 1
13 9 13
13 10 16
13 11 6
13 12 15
14 0 17
14 2 10
14 3 17
14 4 4
14 5 1
14 6 17
14 7 16
14 8 8
14 9 5
14 10 3
14 11 19
14 12 20
14 13 3
15 0 2
15 1 3
15 2 14
15 3 3
15 4 16
16 2 10
16 3 10
16 4 9
16 5 19
17 15 10
17 16 5
18 0 15
18 1 4
18 2 10
18 3 13
18 13 13
18 14 1
18 15 17
18 16 12
18 17 1
19 0 9
19 1 17
19 2 13
19 3 2
19 4 2
19 5 3
19 6 15
19 7 16
19 8 9
19 9 2
19 10 11
19 11 3
20 1 2
20 2 4
20 3 1
20 4 14
20 5 14
20 6 20
20 7 8
20 8 7
20 10 8
20 11 1
20 12 2
20 13 18
20 14 7
20 15 14
20 16 15
20 17 16
20 18 4
20 19 18
21 0 6
21 1 7
21 2 9
21 3 20
21 4 14
21 5 8
21 6 2
21 7 18
21 8 16
21 9 4
22 11 10
22 12 5
22 13 16
22 14 4
22 15 14
22 16 18
22 17 12
23 13 15
23 14 7
23 15 15
23 16 1
23 17 8
23 18 8
23 19 8
23 20 4
23 21 16
23 22 1
24 0 12
24 1 4
24 2 7
24 3 8
24 4 17
24 5 20
24 6 4
24 7 3
24 8 6
24 9 3
24 10 4
24 11 13
24 12 4
24 13 6
24 14 1
24 15 3
24 16 5
24 17 8
24 18 13
24 19 6
24 20 4
24 21 8
24 22 9
24 23 8
25 0 16
25 1 5
25 2 19
25 3 4
25 4 13
25 5 4
25 6 8
25 7 5
25 8 3
25 9 12
25 10 4
25 11 6
25 12 7
26 12 5
26 13 1
26 14 20
26 15 5
26 16 15
26 17 12
26 18 4
26 25 16
27 8 14
27 9 16
27 10 1
29 12 14
29 23 18
29 24 17
29 25 11
29 27 19
29 28 8
30 12 17
30 13 14
30 14 11
30 15 12
30 16 18
30 17 19
30 18 9
30 19 18
30 20 4
30 22 15
30 23 17
30 24 14
30 25 17
30 26 11
30 28 6
30 29 9
31 0 3
31 1 18
31 3 4
31 4 13
31 8 7
31 9 3
31 10 13
31 11 19
31 12 15
31 13 4
31 14 10
31 28 19
31 29 16
31 30 17
32 0 8
32 1 10
32 2 14
32 3 11
32 4 2
32 5 17
32 6 8
32 7 8
32 8 12
32 9 6
32 10 9
32 11 14
32 12 10
32 13 6
32 14 16
32 15 9
32 16 18
32 17 2
32 18 18
32 19 11
32 20 15
32 21 1
32 22 5
32 23 3
32 24 17
32 25 17
32 26 15
32 27 20
32 28 20
32 29 4
32 30 17
32 31 4
33 0 16
33 1 20
33 2 1
33 3 4
33 24 14
33 25 9
33 26 3
33 27 2
33 28 10
33 29 3
33 30 12
33 31 16
33 32 6
34 0 19
34 1 11
34 2 9
34 3 9
34 4 5
34 5 4
34 15 11
34 16 13
34 17 20
35 4 7
35 5 2
35 6 6
35 7 3
35 8 7
35 9 3
35 10 16
35 11 11
35 12 13
35 13 10
35 14 14
35 15 19
35 16 14
35 17 7
35 18 3
35 19 3
35 20 8
35 21 12
35 22 2
35 23 20
35 24 5
35 25 17
35 26 15
35 27 12
36 13 19
36 14 12
36 15 19
36 16 3
36 29 16
36 30 14
36 32 15
36 33 4
36 35 18
37 0 3
37 1 18
37 2 5
37 3 12
37 4 2
37 5 6
37 6 3
37 7 13
37 8 4
37 9 18
37 10 11
38 9 20
38 10 5
38 11 16
39 7 5
39 8 6
39 9 13
39 10 13
39 11 15
39 12 15
39 13 9
39 14 6
39 15 12
39 16 16
39 17 18
39 18 18
39 19 16
39 20 5
39 21 15
39 22 1
39 23 3
39 24 20
39 25 5
39 26 16
39 27 11
39 28 12
39 29 10
39 30 8
39 31 8
39 32 4
39 33 9
39 34 17
39 35 17
39 36 10
39 37 2
39 38 10
40 0 3
40 1 3
40 2 8
40 3 2
40 4 6
40 5 6
40 6 5
40 7 1
40 8 4
40 9 18
40 10 7
40 25 17
41 5 12
41 6 10
41 7 20
41 8 4
41 9 4
41 11 17
41 12 2
41 13 10
41 14 18
41 15 12
41 30 8
41 31 16
41 33 3
41 34 16
41 35 6
41 36 3
41 37 2
41 38 5
41 39 15
41 40 15
42 0 19
42 1 18
42 2 20
42 3 20
42 4 13
42 5 5
42 6 15
42 7 4
42 8 13
42 9 1
42 10 5
42 11 5
42 12 14
42 14 8
42 15 13
42 16 7
42 17 4
42 18 5
42 19 18
42 21 4
42 22 1
42 23 17
42 24 15
42 25 8
42 26 20
42 27 4
42 28 1
42 29 10
42 30 13
42 31 13
42 32 5
42 33 5
42 34 20
42 35 14
42 36 7
42 37 19
42 39 4
42 40 13
43 14 8
43 15 20
43 16 2
43 17 20
43 18 14
43 19 12
43 20 10
43 21 4
43 22 5
43 23 15
43 24 13
43 25 11
43 26 6
43 27 6
43 28 7
43 29 5
43 31 7
43 32 5
43 33 2
43 34 15
43 36 11
43 37 10
43 38 15
43 39 11
43 40 18
43 41 13
43 42 10
44 0 2
44 1 6
44 2 14
44 3 3
44 4 10
44 5 3
44 6 15
44 7 4
45 14 11
45 15 6
45 16 20
45 17 14
45 18 12
45 19 16
46 42 9
46 43 13
46 44 9
46 45 3
47 0 17
47 1 1
47 8 18
47 9 5
47 31 12
47 32 10
47 33 3
47 34 8
47 35 16
47 36 13
48 21 2
48 22 3
49 0 20
49 1 17
49 2 7
49 3 11
49 4 9
49 5 14
49 6 19
49 7 13
49 8 17
49 9 15
49 10 12
49 11 12
49 24 2
49 25 18
49 26 18
50 6 12
50 7 8