3420
1 0 7
2 0 1
2 1 19
3 0 5
3 1 10
3 2 4
4 0 7
4 1 20
4 2 8
4 3 13
5 0 15
5 1 11
5 2 10
5 3 7
5 4 4
6 0 9
6 1 15
6 2 10
6 3 9
6 4 2
6 5 20
7 0 6
7 1 10
7 2 14
7 3 19
7 4 2
7 5 9
7 6 14
8 0 8
8 1 9
8 2 15
8 3 9
8 4 8
8 5 8
8 6 18
8 7 1
9 0 5
9 1 5
9 2 1
9 3 13
9 4 17
9 5 1
9 6 4
9 7 12
9 8 14
10 0 19
10 1 4
10 2 1
10 3 20
10 4 17
10 5 3
10 6 1
10 7 15
10 8 4
10 9 4
11 0 18
11 1 7
11 2 16
11 3 2
11 4 13
11 5 5
11 6 15
11 7 6
11 8 8
11 9 20
11 10 14
12 0 20
12 1 13
12 2 18
12 3 13
12 4 7
12 5 13
12 7 8
12 8 3
12 9 3
12 10 14
12 11 19
13 0 1
13 1 1
13 2 1
13 3 1
13 4 9
13 5 13
13 6 7
13 7 3
13 8 1
13 9 13
13 10 16
13 11 6
13 12 15
14 0 17
14 2 10
14 3 17
14 4 4
14 5 1
14 6 17
14 7 16
14 8 8
14 9 5
14 10 3
14 11 19
14 12 20
14 13 3
15 0 2
15 1 3
15 2 14
15 3 3
15 4 16
15 5 8
15 6 3
15 7 15
15 8 16
15 9 10
15 10 16
15 12 8
15 13 3
15 14 18
16 0 18
16 2 10
16 3 10
16 4 9
16 5 19
16 6 7
16 7 19
16 14 20
16 15 18
17 0 20
17 1 8
17 2 4
17 9 19
17 10 10
17 11 8
17 12 14
17 13 12
17 14 14
17 15 10
17 16 5
18 0 15
18 1 4
18 2 10
18 3 13
18 4 19
18 5 16
18 6 19
18 7 14
18 8 5
18 9 14
18 10 18
18 11 9
18 12 1
18 13 13
18 14 1
18 15 17
18 16 12
18 17 1
19 0 9
19 1 17
19 2 13
19 3 2
19 4 2
19 5 3
19 6 15
19 7 16
19 8 9
19 9 2
19 10 11
19 11 3
19 12 12
19 13 8
19 14 16
19 15 12
19 16 3
19 17 9
19 18 17
20 0 19
20 1 2
20 2 4
20 3 1
20 4 14
20 5 14
20 6 20
20 7 8
20 8 7
20 10 8
20 11 1
20 12 2
20 13 18
20 14 7
20 15 14
20 16 15
20 17 16
20 18 4
20 19 18
21 0 6
21 1 7
21 2 9
21 3 20
21 4 14
21 5 8
21 6 2
21 7 18
21 8 16
21 9 4
21 10 16
21 11 17
21 12 6
21 13 14
21 14 5
21 15 15
21 16 4
21 17 6
21 18 7
21 19 11
21 20 7
22 0 4
22 1 8
22 2 4
22 3 13
22 4 19
22 5 1
22 6 17
22 7 20
22 8 6
22 9 9
22 10 18
22 11 10
22 12 5
22 13 16
22 14 4
22 15 14
22 16 18
22 17 12
22 18 14
22 20 15
22 21 1
23 1 13
23 2 14
23 3 1
23 4 14
23 5 12
23 6 18
23 7 16
23 9 9
23 10 17
23 11 6
23 12 19
23 13 15
23 14 7
23 15 15
23 16 1
23 17 8
23 18 8
23 19 8
23 20 4
23 21 16
23 22 1
24 0 12
24 1 4
24 2 7
24 3 8
24 4 17
24 5 20
24 6 4
24 7 3
24 8 6
24 9 3
24 10 4
24 11 13
24 12 4
24 13 6
24 14 1
24 15 3
24 16 5
24 17 8
24 18 13
24 19 6
24 20 4
24 21 8
24 22 9
24 23 8
25 0 16
25 1 5
25 2 19
25 3 4
25 4 13
25 5 4
25 6 8
25 7 5
25 8 3
25 9 12
25 10 4
25 11 6
25 12 7
25 13 19
25 14 4
25 15 19
25 16 15
25 17 11
25 18 2
25 19 6
25 20 18
25 21 9
25 22 2
25 24 9
26 0 18
26 1 4
26 2 12
26 3 16
26 4 9
26 6 3
26 7 13
26 8 17
26 9 20
26 10 20
26 11 5
26 12 5
26 13 1
26 14 20
26 15 5
26 16 15
26 17 12
26 18 4
26 19 1
26 20 3
26 21 4
26 22 16
26 23 11
26 24 14
26 25 16
27 0 4
27 1 4
27 2 1
27 3 20
27 4 1
27 5 11
27 6 5
27 7 13
27 8 14
27 9 16
27 10 1
27 11 5
27 12 20
27 13 3
27 14 15
27 15 11
27 16 14
27 17 2
27 18 12
27 19 11
27 20 17
27 21 9
27 22 1
27 23 16
27 24 11
27 25 3
27 26 3
28 0 16
28 1 19
28 2 16
28 3 10
28 4 8
28 5 15
28 6 20
28 7 3
28 8 12
28 9 19
28 11 11
28 12 13
28 14 11
28 15 10
28 16 11
28 17 6
28 18 8
28 19 14
28 20 17
28 21 19
28 22 7
28 24 8
28 25 19
28 26 1
28 27 18
29 0 11
29 1 13
29 2 3
29 3 7
29 4 5
29 5 15
29 6 3
29 7 8
29 8 19
29 9 3
29 11 12
29 12 14
29 13 11
29 14 5
29 15 20
29 16 20
29 17 6
29 18 13
29 19 10
29 20 13
29 21 15
29 22 17
29 23 18
29 24 17
29 25 11
29 27 19
29 28 8
30 0 20
30 2 2
30 3 3
30 4 18
30 5 20
30 6 13
30 7 12
30 8 20
30 9 6
30 10 8
30 11 3
30 12 17
30 13 14
30 14 11
30 15 12
30 16 18
30 17 19
30 18 9
30 19 18
30 20 4
30 22 15
30 23 17
30 24 14
30 25 17
30 26 11
30 28 6
30 29 9
31 0 3
31 1 18
31 3 4
31 4 13
31 5 13
31 6 6
31 7 12
31 8 7
31 9 3
31 10 13
31 11 19
31 12 15
31 13 4
31 14 10
31 15 5
31 16 1
31 17 4
31 18 7
31 19 17
31 20 2
31 21 20
31 22 9
31 23 12
31 24 19
31 25 13
31 26 7
31 27 16
31 28 19
31 29 16
31 30 17
32 0 8
32 1 10
32 2 14
32 3 11
32 4 2
32 5 17
32 6 8
32 7 8
32 8 12
32 9 6
32 10 9
32 11 14
32 12 10
32 13 6
32 14 16
32 15 9
32 16 18
32 17 2
32 18 18
32 19 11
32 20 15
32 21 1
32 22 5
32 23 3
32 24 17
32 25 17
32 26 15
32 27 20
32 28 20
32 29 4
32 30 17
32 31 4
33 0 16
33 1 20
33 2 1
33 3 4
33 4 13
33 5 14
33 6 1
33 7 17
33 8 7
33 9 8
33 10 19
33 11 10
33 12 13
33 13 5
33 14 12
33 15 16
33 16 3
33 17 7
33 18 13
33 19 10
33 20 16
33 21 10
33 22 7
33 24 14
33 25 9
33 26 3
33 27 2
33 28 10
33 29 3
33 30 12
33 31 16
33 32 6
34 0 19
34 1 11
34 2 9
34 3 9
34 4 5
34 5 4
34 6 6
34 7 3
34 8 2
34 9 11
34 10 7
34 11 18
34 12 13
34 13 2
34 14 2
34 15 11
34 16 13
34 17 20
34 18 2
34 19 3
34 20 3
34 21 8
34 22 11
34 23 4
34 24 15
34 25 20
34 26 11
34 27 9
34 28 2
34 29 3
34 30 13
34 31 16
34 32 3
34 33 8
35 0 3
35 1 3
35 2 6
35 3 19
35 4 7
35 5 2
35 6 6
35 7 3
35 8 7
35 9 3
35 10 16
35 11 11
35 12 13
35 13 10
35 14 14
35 15 19
35 16 14
35 17 7
35 18 3
35 19 3
35 20 8
35 21 12
35 22 2
35 23 20
35 24 5
35 25 17
35 26 15
35 27 12
35 28 1
35 29 13
35 30 6
35 32 20
35 33 5
35 34 17
36 0 6
36 1 8
36 2 19
36 3 7
36 4 16
36 5 11
36 6 15
36 7 5
36 8 5
36 9 7
36 10 16
36 11 19
36 12 18
36 13 19
36 14 12
36 15 19
36 16 3
36 17 1
36 18 10
36 19 9
36 20 7
36 21 10
36 22 4
36 23 10
36 24 18
36 26 16
36 27 1
36 28 16
36 29 16
36 30 14
36 32 15
36 33 4
36 35 18
37 0 3
37 1 18
37 2 5
37 3 12
37 4 2
37 5 6
37 6 3
37 7 13
37 8 4
37 9 18
37 10 11
37 11 2
37 12 6
37 13 9
37 14 19
37 15 1
37 16 6
37 17 7
37 18 14
37 19 13
37 20 9
37 21 7
37 22 12
37 23 2
37 24 17
37 25 6
37 26 4
37 27 13
37 28 1
37 29 12
37 30 1
37 31 3
37 32 14
37 33 3
37 35 10
37 36 11
38 0 20
38 1 5
38 2 9
38 3 17
38 5 14
38 6 8
38 7 4
38 8 17
38 9 20
38 10 5
38 11 16
38 12 6
38 13 8
38 14 9
38 15 1
38 17 8
38 18 7
38 19 6
38 20 16
38 21 14
38 22 19
38 23 20
38 24 13
38 25 9
38 26 7
38 27 10
38 29 2
38 30 16
38 31 10
38 32 2
38 33 10
38 35 9
38 36 17
38 37 5
39 0 2
39 1 19
39 2 10
39 3 6
39 4 10
39 5 9
39 6 17
39 7 5
39 8 6
39 9 13
39 10 13
39 11 15
39 12 15
39 13 9
39 14 6
39 15 12
39 16 16
39 17 18
39 18 18
39 19 16
39 20 5
39 21 15
39 22 1
39 23 3
39 24 20
39 25 5
39 26 16
39 27 11
39 28 12
39 29 10
39 30 8
39 31 8
39 32 4
39 33 9
39 34 17
39 35 17
39 36 10
39 37 2
39 38 10
40 0 3
40 1 3
40 2 8
40 3 2
40 4 6
40 5 6
40 6 5
40 7 1
40 8 4
40 9 18
40 10 7
40 11 2
40 12 5
40 13 11
40 14 8
40 15 11
40 16 11
40 17 5
40 18 10
40 19 18
40 20 12
40 21 15
40 22 17
40 23 11
40 25 17
40 26 12
40 27 1
40 28 8
40 29 15
40 30 9
40 31 7
40 32 8
40 33 3
40 34 13
40 35 16
40 36 10
40 37 3
40 39 5
41 0 7
41 2 4
41 3 4
41 4 4
41 5 12
41 6 10
41 7 20
41 8 4
41 9 4
41 11 17
41 12 2
41 13 10
41 14 18
41 15 12
41 16 9
41 17 7
41 18 18
41 19 14
41 20 8
41 21 2
41 22 1
41 23 1
41 24 15
41 25 9
41 27 6
41 28 3
41 29 13
41 30 8
41 31 16
41 33 3
41 34 16
41 35 6
41 36 3
41 37 2
41 38 5
41 39 15
41 40 15
42 0 19
42 1 18
42 2 20
42 3 20
42 4 13
42 5 5
42 6 15
42 7 4
42 8 13
42 9 1
42 10 5
42 11 5
42 12 14
42 14 8
42 15 13
42 16 7
42 17 4
42 18 5
42 19 18
42 21 4
42 22 1
42 23 17
42 24 15
42 25 8
42 26 20
42 27 4
42 28 1
42 29 10
42 30 13
42 31 13
42 32 5
42 33 5
42 34 20
42 35 14
42 36 7
42 37 19
42 39 4
42 40 13
42 41 20
43 0 5
43 1 16
43 2 2
43 3 14
43 4 12
43 5 6
43 6 16
43 7 2
43 8 13
43 9 14
43 10 6
43 11 12
43 12 16
43 13 15
43 14 8
43 15 20
43 16 2
43 17 20
43 18 14
43 19 12
43 20 10
43 21 4
43 22 5
43 23 15
43 24 13
43 25 11
43 26 6
43 27 6
43 28 7
43 29 5
43 31 7
43 32 5
43 33 2
43 34 15
43 36 11
43 37 10
43 38 15
43 39 11
43 40 18
43 41 13
43 42 10
44 0 2
44 1 6
44 2 14
44 3 3
44 4 10
44 5 3
44 6 15
44 7 4
45 14 11
45 15 6
45 16 20
45 17 14
45 18 12
45 19 16
46 42 9
46 43 13
46 44 9
46 45 3
47 0 17
47 1 1
47 2 3
47 3 14
47 4 4
47 5 11
47 6 10
47 7 12
47 8 18
47 9 5
47 31 12
47 32 10
47 33 3
47 34 8
47 35 16
47 36 13
48 21 2
48 22 3
48 23 6
48 24 4
48 25 19
48 32 10
48 33 7
48 34 19
48 35 10
48 41 20
48 42 12
48 43 10
48 47 4
49 0 20
49 1 17
49 2 7
49 3 11
49 4 9
49 5 14
49 6 19
49 7 13
49 8 17
49 9 15
49 10 12
49 11 12
49 24 2
49 25 18
49 26 18
50 6 12
50 7 8
50 8 16
50 9 18
50 10 9
50 11 7
50 31 10
50 32 10
50 33 15
50 34 13
50 35 19
50 36 20
51 0 14
51 1 4
51 2 9
51 3 11
51 4 12
51 5 12
51 6 7
51 7 4
51 8 6
51 9 6
51 24 20
51 25 13
51 26 18
51 27 7
51 28 17
51 29 20
51 30 2
51 31 6
52 2 10
52 4 7
52 5 11
52 6 9
52 7 2
52 22 3
52 23 5
52 24 5
52 25 4
52 27 12
52 40 13
52 41 14
52 42 11
52 43 10
52 44 14
52 45 11
52 46 6
52 47 4
52 48 6
52 49 2
52 50 7
52 51 19
53 2 19
53 3 1
53 4 12
53 5 13
53 6 14
53 7 14
53 8 12
53 9 9
53 10 13
53 11 17
53 12 3
53 13 14
53 14 18
53 15 16
53 16 6
53 34 16
53 35 8
53 36 2
54 4 9
54 5 13
54 6 8
54 7 6
54 8 20
54 9 15
54 10 12
54 11 12
54 13 7
54 14 7
54 15 17
54 16 18
54 17 12
54 18 13
54 19 12
54 20 12
54 21 8
54 42 7
54 43 16
54 44 14
54 45 17
54 46 12
54 47 3
54 48 10
54 49 2
54 50 8
54 51 13
54 52 12
54 53 19
55 0 9
55 1 12
55 2 11
55 3 11
55 9 5
55 10 4
55 11 4
55 12 17
55 13 3
55 14 16
55 15 18
55 17 9
55 18 10
55 19 12
55 20 3
55 21 2
55 22 10
55 23 18
55 24 5
55 25 15
55 26 19
55 27 13
55 28 13
55 29 5
55 30 1
55 31 4
55 32 5
55 33 11
55 34 10
55 35 2
55 36 17
55 37 18
55 38 20
55 39 15
55 40 19
55 41 7
55 42 14
55 43 12
55 44 19
55 45 8
55 46 15
55 47 13
55 48 8
55 49 11
55 50 2
55 51 15
55 52 15
55 53 1
55 54 8
56 1 14
56 2 11
56 3 19
56 4 12
56 5 11
56 6 10
56 7 8
56 8 19
56 9 3
56 10 19
56 11 10
56 12 15
56 14 12
56 15 5
56 16 19
56 17 17
56 18 17
56 19 15
56 20 19
56 21 17
56 22 5
56 23 8
56 24 13
56 25 20
56 26 3
56 27 2
56 28 7
56 29 5
56 30 18
56 31 11
56 32 13
56 33 17
56 34 13
56 35 11
56 36 19
56 37 7
56 38 5
56 39 8
56 41 9
56 42 3
56 43 5
56 44 18
56 45 5
56 46 7
56 47 15
56 48 6
56 49 10
56 50 8
56 51 4
56 52 20
56 53 18
56 54 12
56 55 4
57 0 14
57 1 16
57 2 11
57 3 5
57 6 19
57 7 4
57 8 6
57 9 1
57 10 13
57 11 13
57 12 18
57 13 16
57 14 7
57 15 3
57 16 8
57 17 6
57 18 6
57 19 5
57 20 12
57 21 18
57 22 19
57 23 19
57 24 2
57 25 14
57 26 4
57 27 5
57 28 12
57 29 2
57 30 15
57 31 2
57 32 20
57 33 8
57 34 10
57 35 4
57 36 6
57 37 20
57 38 14
57 39 16
57 40 10
57 41 2
57 42 17
57 43 4
57 44 4
57 45 4
57 46 12
57 47 9
57 48 20
57 49 17
57 50 11
57 51 14
57 52 6
57 53 7
57 54 6
57 55 1
57 56 4
58 0 13
58 1 1
58 2 3
58 3 17
58 4 19
58 5 8
58 6 19
58 7 20
58 8 4
58 9 13
58 10 10
58 11 3
58 12 14
58 13 14
58 14 19
58 15 9
58 16 11
58 17 19
58 18 2
58 19 1
58 20 10
58 21 16
58 22 2
58 23 19
58 24 8
58 25 14
58 26 2
58 27 8
58 28 1
58 29 10
58 30 12
58 31 3
58 32 14
58 33 13
58 34 3
58 35 2
58 36 6
58 37 4
58 38 17
58 39 3
58 40 19
58 41 19
58 42 8
58 43 20
58 44 13
58 45 6
58 46 7
58 47 17
58 48 18
58 49 20
58 50 15
58 52 12
58 53 18
58 54 3
58 55 4
58 56 13
58 57 6
59 0 11
59 1 10
59 2 1
59 3 13
59 4 15
59 5 15
59 6 4
59 7 20
59 8 8
59 9 10
59 10 11
59 11 19
59 12 15
59 13 4
59 14 1
59 15 2
59 17 20
59 18 3
59 19 19
59 20 17
59 21 2
59 22 11
59 23 9
59 24 6
59 25 11
59 26 19
59 27 8
59 28 12
59 29 4
59 30 16
59 31 10
59 32 18
59 33 12
59 34 5
59 35 13
59 36 7
59 37 11
59 38 1
59 39 10
59 40 12
59 41 5
59 42 16
59 43 1
59 44 5
59 45 12
59 46 5
59 47 17
59 48 18
59 49 4
59 50 14
59 51 4
59 52 17
59 53 3
59 54 2
59 55 11
59 56 11
59 57 11
59 58 17
60 0 9
60 1 15
60 2 2
60 3 15
60 4 9
60 5 20
60 6 18
60 7 12
60 8 5
60 9 14
60 10 11
60 11 11
60 12 19
60 13 13
60 14 13
60 15 9
60 16 15
60 17 5
60 18 4
60 19 11
60 20 20
60 22 18
60 23 7
60 24 9
60 25 11
60 26 18
60 27 6
60 28 2
60 30 14
60 31 8
60 32 15
60 33 3
60 34 18
60 35 16
60 36 1
60 37 18
60 39 2
60 40 19
60 41 11
60 42 11
60 43 6
60 44 1
60 45 20
60 46 7
60 47 4
60 48 20
60 49 15
60 50 2
60 51 2
60 52 13
60 53 12
60 54 4
60 55 7
60 56 8
60 57 14
60 58 16
60 59 5
61 0 15
61 1 16
61 2 18
61 3 11
61 4 20
61 5 6
61 6 20
61 7 8
61 8 6
61 9 12
61 10 10
61 11 19
61 12 10
61 13 8
61 14 20
61 15 16
61 16 5
61 17 18
61 18 19
61 19 9
61 20 13
61 21 3
61 22 5
61 23 9
61 24 9
61 26 15
61 27 18
61 28 5
61 29 16
61 30 4
61 31 12
61 32 3
61 33 2
61 34 20
61 35 5
61 36 20
61 37 17
61 38 8
61 39 16
61 40 8
61 41 5
61 42 16
61 43 20
61 44 3
61 45 16
61 46 1
61 47 6
61 48 13
61 50 5
61 51 13
61 52 11
61 53 6
61 54 4
61 55 10
61 57 4
61 58 13
61 59 18
61 60 8
62 0 16
62 1 6
62 2 19
62 3 7
62 4 17
62 5 3
62 6 2
62 7 1
62 8 10
62 9 4
62 10 11
62 11 6
62 12 12
62 13 2
62 14 19
62 15 4
62 16 4
62 17 4
62 18 14
62 19 14
62 20 8
62 21 9
62 22 20
62 23 19
62 24 13
62 25 18
62 26 3
62 27 8
62 28 16
62 29 5
62 30 7
62 31 5
62 32 7
62 33 15
62 34 17
62 35 17
62 36 9
62 37 20
62 38 2
62 39 9
62 40 11
62 41 5
62 42 1
62 43 5
62 44 19
62 45 3
62 46 3
62 47 4
62 48 15
62 49 7
62 50 17
62 51 19
62 52 2
62 53 15
62 54 9
62 55 15
62 56 10
62 57 16
62 58 16
62 59 17
62 60 9
62 61 18
63 0 17
63 1 7
63 3 11
63 4 20
63 5 13
63 6 11
63 7 11
63 8 4
63 9 14
63 10 10
63 11 11
63 12 16
63 13 12
63 14 14
63 15 10
63 16 18
63 17 14
63 18 13
63 19 1
63 20 15
63 21 20
63 22 18
63 23 3
63 24 16
63 25 7
63 26 12
63 27 8
63 28 1
63 29 13
63 30 6
63 31 8
63 32 1
63 33 5
63 34 11
63 35 2
63 36 17
63 37 16
63 38 6
63 39 5
63 40 12
63 41 13
63 42 20
63 43 5
63 44 12
63 45 1
63 46 1
63 47 20
63 48 15
63 49 11
63 50 7
63 51 10
63 52 1
63 53 10
63 55 3
63 56 18
63 57 1
63 58 4
63 59 4
63 60 1
63 61 8
63 62 11
64 0 19
64 1 5
64 2 18
64 3 11
64 4 19
64 5 7
64 6 1
64 7 20
64 8 4
64 9 16
64 10 13
64 11 10
64 12 12
64 13 4
64 15 18
64 16 7
64 17 7
64 18 9
64 19 20
64 20 14
64 21 10
64 22 2
64 23 13
64 24 2
64 25 20
64 26 11
64 27 19
64 28 5
64 29 2
64 30 12
64 31 13
64 32 1
64 33 6
64 34 6
64 36 14
64 37 9
64 38 19
64 39 10
64 40 1
64 41 16
64 42 3
64 44 14
64 45 14
64 46 7
64 47 8
64 48 19
64 49 4
64 50 2
64 51 4
64 52 11
64 53 4
64 54 8
64 55 11
64 56 8
64 57 16
64 58 14
64 59 18
64 60 15
64 61 11
64 62 19
64 63 10
65 0 18
65 1 4
65 2 17
65 3 12
65 4 20
65 5 10
65 6 12
65 8 4
65 9 5
65 10 1
65 11 16
65 12 16
65 13 11
65 14 19
65 15 8
65 16 15
65 17 4
65 18 17
65 19 6
65 20 9
65 21 6
65 22 20
65 24 20
65 25 7
65 26 11
65 27 20
65 28 17
65 29 20
65 30 10
65 31 15
65 32 11
65 33 9
65 34 5
65 35 7
65 36 3
65 37 1
65 38 5
65 39 10
65 40 5
65 41 10
65 42 12
65 43 14
65 44 11
65 45 15
65 47 19
65 48 13
65 49 14
65 50 11
65 51 17
65 52 5
65 53 3
65 54 16
65 55 13
65 56 2
65 57 19
65 58 6
65 59 6
65 60 1
65 61 16
65 62 6
65 63 2
66 0 16
66 1 16
66 2 13
66 3 11
66 4 9
66 5 18
66 6 13
66 7 17
66 8 6
66 9 15
66 10 9
66 11 8
66 12 19
66 13 18
66 14 7
66 15 18
66 16 1
66 17 1
66 18 16
66 19 11
66 20 8
66 21 2
66 22 1
66 23 10
66 24 20
66 25 8
66 26 18
66 27 12
66 28 15
66 29 16
66 30 12
66 31 3
66 32 20
66 33 4
66 34 10
66 35 11
66 36 18
66 37 18
66 38 20
66 39 10
66 40 10
66 41 10
66 42 20
66 43 15
66 44 13
66 45 6
66 46 14
66 47 5
66 48 18
66 49 12
66 50 14
66 51 13
66 52 6
66 53 11
66 54 10
66 55 4
66 56 20
66 58 16
66 59 10
66 60 5
66 61 9
66 62 3
66 63 18
66 64 19
66 65 18
67 0 5
67 2 12
67 3 20
67 4 1
67 5 9
67 6 9
67 7 18
67 8 17
67 9 6
67 10 6
67 11 18
67 12 10
67 13 15
67 14 12
67 15 1
67 16 13
67 17 3
67 18 13
67 19 7
67 20 5
67 21 18
67 22 20
67 23 9
67 25 18
67 26 19
67 27 2
67 28 12
67 29 17
67 30 19
67 31 7
67 32 15
67 33 18
67 34 6
67 35 4
67 36 6
67 37 4
67 39 8
67 40 1
67 41 19
67 42 15
67 43 6
67 44 2
67 45 20
67 46 14
67 47 12
67 48 18
67 49 8
67 50 4
67 51 7
67 52 15
67 53 14
67 54 8
67 55 20
67 56 14
67 57 8
67 58 4
67 59 19
67 60 12
67 62 17
67 63 15
67 64 4
67 65 19
67 66 19
68 0 4
68 1 15
68 2 19
68 3 19
68 4 11
68 5 6
68 6 15
68 7 5
68 8 11
68 9 20
68 10 2
68 11 11
68 12 15
68 13 1
68 14 9
68 15 15
68 16 14
68 17 10
68 18 14
68 19 14
68 21 10
68 22 10
68 23 12
68 24 15
68 25 16
68 26 6
68 27 12
68 28 15
68 29 12
68 30 2
68 31 11
68 32 8
68 33 3
68 34 9
68 35 3
68 36 11
68 37 5
68 38 15
68 39 7
68 40 14
68 41 19
68 42 18
68 43 16
68 44 2
68 45 12
68 46 13
68 47 1
68 48 3
68 49 12
68 51 6
68 52 6
68 53 13
68 54 8
68 55 3
68 56 1
68 57 2
68 58 19
68 59 20
68 60 4
68 61 18
68 62 3
68 63 18
68 64 11
68 65 8
68 66 14
68 67 12
69 1 6
69 2 7
69 3 14
69 4 17
69 5 8
69 6 14
69 7 6
69 8 8
69 9 2
69 10 8
69 11 10
69 12 12
69 13 12
69 14 16
69 15 1
69 16 6
69 17 8
69 18 2
69 19 4
69 21 9
69 22 1
69 23 12
69 24 12
69 25 17
69 26 12
69 27 15
69 28 4
69 29 8
69 30 12
69 31 15
69 32 13
69 33 1
69 34 1
69 35 19
69 36 3
69 37 10
69 38 17
69 39 5
69 40 12
69 41 13
69 42 7
69 43 16
69 44 14
69 45 12
69 46 6
69 47 13
69 48 2
69 49 6
69 50 4
69 51 5
69 53 4
69 54 19
69 55 12
69 56 18
69 57 4
69 58 15
69 59 17
69 60 3
69 61 4
69 63 7
69 64 14
69 65 3
69 66 20
69 67 2
69 68 6
70 0 7
70 1 7
70 2 15
70 3 19
70 4 3
70 5 12
70 6 20
70 7 8
70 8 20
70 9 6
70 10 7
70 11 1
70 12 10
70 13 4
70 14 18
70 15 14
70 16 7
70 17 18
70 18 16
70 19 5
70 20 5
70 21 1
70 22 18
70 23 15
70 24 2
70 25 7
70 26 10
70 27 7
70 28 16
70 29 18
70 30 12
70 31 9
70 32 18
70 33 15
70 34 6
70 36 3
70 37 6
70 38 7
70 39 1
70 40 1
70 41 14
70 42 3
70 43 2
70 44 2
70 45 7
70 46 10
70 47 1
70 48 3
70 49 13
70 50 13
70 51 18
70 52 19
70 53 17
70 54 10
70 55 3
70 56 4
70 57 11
70 58 9
70 59 8
70 60 13
70 61 20
70 62 11
70 64 11
70 65 6
70 66 8
70 67 4
70 68 12
70 69 17
71 0 5
71 1 11
71 2 18
71 3 9
71 4 3
71 5 4
71 6 3
71 7 2
71 8 1
71 9 18
71 10 15
71 11 3
71 12 20
71 13 14
71 14 3
71 15 9
71 16 12
71 18 5
71 19 10
71 20 1
71 21 15
71 23 2
71 24 10
71 25 12
71 26 2
71 28 15
71 29 15
71 30 5
71 31 20
71 32 16
71 33 11
71 34 5
71 35 3
71 36 10
71 37 17
71 38 5
71 39 20
71 40 4
71 41 16
71 42 14
71 43 20
71 44 3
71 45 17
71 46 8
71 47 2
71 48 12
71 49 3
71 50 20
71 51 10
71 52 9
71 53 5
71 54 7
71 55 4
71 56 9
71 57 9
71 58 4
71 59 18
71 60 18
71 61 19
71 62 17
71 63 4
71 64 1
71 65 13
71 66 8
71 67 8
71 68 17
71 69 14
71 70 18
72 1 12
72 2 10
72 3 14
72 4 15
72 5 6
72 6 3
72 7 11
72 8 17
72 9 11
72 10 12
72 11 7
72 12 8
72 13 16
72 14 13
72 15 3
72 16 16
72 17 8
72 18 6
72 19 6
72 20 11
72 21 9
72 22 14
72 23 9
72 24 3
72 25 2
72 26 9
72 27 5
72 28 7
72 29 1
72 30 13
72 31 4
72 32 19
72 33 10
72 34 15
72 35 17
72 36 9
72 37 4
72 38 11
72 39 13
72 40 2
72 41 11
72 42 7
72 43 4
72 44 14
72 45 19
72 46 11
72 47 2
72 48 11
72 49 16
72 50 1
72 51 7
72 52 7
72 53 3
72 54 5
72 55 19
72 56 17
72 57 20
72 58 10
72 59 2
72 60 8
72 61 16
72 62 11
72 63 7
72 64 17
72 65 15
72 66 8
72 67 10
72 68 9
72 69 2
72 70 20
72 71 7
73 0 3
73 1 1
73 2 17
73 3 6
73 4 3
73 5 4
73 7 20
73 8 7
73 9 5
73 10 12
73 11 17
73 12 16
73 13 17
73 14 13
73 15 5
73 16 17
73 18 14
73 19 10
73 20 17
73 21 3
73 23 5
73 24 14
73 26 12
73 27 15
73 28 11
73 29 10
73 30 14
73 31 14
73 32 17
73 33 13
73 34 16
73 35 14
73 36 13
73 37 8
73 38 5
73 39 5
73 40 13
73 41 1
73 42 13
73 43 14
73 44 10
73 45 15
73 46 17
73 47 13
73 49 18
73 50 11
73 51 9
73 52 20
73 53 17
73 54 9
73 55 8
73 56 9
73 57 16
73 58 19
73 59 19
73 60 13
73 61 8
73 62 9
73 63 8
73 64 4
73 65 8
73 66 17
73 67 17
73 68 10
73 69 7
73 70 1
73 71 1
73 72 14
74 0 3
74 1 17
74 2 7
74 3 5
74 4 9
74 5 17
74 6 3
74 7 4
74 8 17
74 9 7
74 10 2
74 11 3
74 12 3
74 13 1
74 14 14
74 15 8
74 17 2
74 18 10
74 19 13
74 20 7
74 21 8
74 22 5
74 23 2
74 24 8
74 25 10
74 26 5
74 27 1
74 28 16
74 29 12
74 30 16
74 31 10
74 32 6
74 33 12
74 34 20
74 35 1
74 36 11
74 37 3
74 38 7
74 39 6
74 41 16
74 42 19
74 43 11
74 44 1
74 45 16
74 46 13
74 47 17
74 48 9
74 49 16
74 50 11
74 51 5
74 52 14
74 53 11
74 54 2
74 55 5
74 56 3
74 57 13
74 59 16
74 60 12
74 61 14
74 62 7
74 63 8
74 64 5
74 65 1
74 66 14
74 67 2
74 68 2
74 69 15
74 70 6
74 71 16
74 72 19
74 73 13
75 0 15
75 1 15
75 2 1
75 3 19
75 4 5
75 5 4
75 6 2
75 7 13
75 8 4
75 9 7
75 10 3
75 11 3
75 12 20
75 13 5
75 14 14
75 15 9
75 16 13
75 17 11
75 18 14
75 19 2
75 20 17
75 21 9
75 22 11
75 23 16
75 24 15
75 25 10
75 26 3
75 27 19
75 28 2
75 29 15
75 30 14
75 31 13
75 32 6
75 33 14
75 34 5
75 35 11
75 36 6
75 37 16
75 38 12
75 39 12
75 40 4
75 41 20
75 42 14
75 43 18
75 44 8
75 45 13
75 47 3
75 48 18
75 49 8
75 50 18
75 51 15
75 52 2
75 53 17
75 54 15
75 55 20
75 56 3
75 57 20
75 58 14
75 59 11
75 60 2
75 61 17
75 62 5
75 63 12
75 64 17
75 65 20
75 66 20
75 67 7
75 68 11
75 69 6
75 70 1
75 71 15
75 72 6
75 73 10
75 74 1
76 0 20
76 1 17
76 2 3
76 3 1
76 4 7
76 5 20
76 6 18
76 7 4
76 8 12
76 10 6
76 11 12
76 12 19
76 13 4
76 14 9
76 15 4
76 16 1
76 17 7
76 18 5
76 19 3
76 20 17
76 21 3
76 22 5
76 23 17
76 24 16
76 25 1
76 26 7
76 27 2
76 28 7
76 29 1
76 30 14
76 31 20
76 32 2
76 33 9
76 34 14
76 35 6
76 36 8
76 37 9
76 38 17
76 39 8
76 40 11
76 41 10
76 42 11
76 43 13
76 44 6
76 45 3
76 46 16
76 47 6
76 48 14
76 49 16
76 50 5
76 51 3
76 52 10
76 53 9
76 54 14
76 55 8
76 56 9
76 57 12
76 58 10
76 59 9
76 60 14
76 61 4
76 62 15
76 63 13
76 64 7
76 66 4
76 67 8
76 68 5
76 69 7
76 70 17
76 72 16
76 73 4
76 74 20
76 75 12
77 0 12
77 1 7
77 2 17
77 3 18
77 4 9
77 5 9
77 6 17
77 7 14
77 8 14
77 9 6
77 10 3
77 11 4
77 12 2
77 13 15
77 14 5
77 15 14
77 16 16
77 17 5
77 18 7
77 19 18
77 20 18
77 21 12
77 22 16
77 23 5
77 24 17
77 25 14
77 27 6
77 28 5
77 29 17
77 30 8
77 31 12
77 32 1
77 33 15
77 34 5
77 35 17
77 36 16
77 37 16
77 38 19
77 39 8
77 40 6
77 41 2
77 43 18
77 44 19
77 45 9
77 46 6
77 47 2
77 48 5
77 50 9
77 51 20
77 52 1
77 53 14
77 54 17
77 55 6
77 56 17
77 57 20
77 58 11
77 59 20
77 60 6
77 61 4
77 62 12
77 63 8
77 64 14
77 65 2
77 66 4
77 67 17
77 68 20
77 69 16
77 70 2
77 71 11
77 72 7
77 73 4
77 74 17
77 75 18
77 76 8
78 0 6
78 1 20
78 2 5
78 4 7
78 5 19
78 6 14
78 7 8
78 8 10
78 9 12
78 10 18
78 11 2
78 12 1
78 13 3
78 14 9
78 15 18
78 16 20
78 17 6
78 18 6
78 19 7
78 20 6
78 21 8
78 22 19
78 23 19
78 24 4
78 25 6
78 26 3
78 27 15
78 28 9
78 29 20
78 30 20
78 31 15
78 32 2
78 33 10
78 34 19
78 35 11
78 36 17
78 37 13
78 38 10
78 39 18
78 40 16
78 41 1
78 42 20
78 43 1
78 44 18
78 45 4
78 47 9
78 48 12
78 49 2
78 50 5
78 51 5
78 52 10
78 53 3
78 54 4
78 55 19
78 56 3
78 57 8
78 58 11
78 59 9
78 60 20
78 61 17
78 62 3
78 63 4
78 64 13
78 65 18
78 66 9
78 67 7
78 68 11
78 69 8
78 70 6
78 71 7
78 72 6
78 73 9
78 74 17
78 75 11
78 76 12
78 77 11
79 0 19
79 1 18
79 2 17
79 3 10
79 4 15
79 5 1
79 6 13
79 7 17
79 8 8
79 9 14
79 11 1
79 12 13
79 13 14
79 14 11
79 15 8
79 16 3
79 17 2
79 18 9
79 19 6
79 20 9
79 21 7
79 22 8
79 23 15
79 24 10
79 25 10
79 27 9
79 28 12
79 29 19
79 30 4
79 31 6
79 32 12
79 33 5
79 34 7
79 35 20
79 36 17
79 37 18
79 38 2
79 39 7
79 40 1
79 41 5
79 42 5
79 43 6
79 44 8
79 45 17
79 46 19
79 49 12
79 50 9
79 52 3
79 53 4
79 55 8
79 56 15
79 57 7
79 58 8
79 59 1
79 60 14
79 61 7
79 62 5
79 63 18
79 64 19
79 65 4
79 66 13
79 67 12
79 68 11
79 69 14
79 70 7
79 71 13
79 72 17
79 73 9
79 74 4
79 75 15
79 76 7
79 77 9
79 78 9
80 1 13
80 2 14
80 3 13
80 4 16
80 5 9
80 6 20
80 7 3
80 8 16
80 9 15
80 10 10
80 11 13
80 12 12
80 13 1
80 14 11
80 15 2
80 16 12
80 17 16
80 18 15
80 19 18
80 20 17
80 21 18
80 22 2
80 23 14
80 24 19
80 25 10
80 26 4
80 27 17
80 28 16
80 29 7
80 30 9
80 31 15
80 32 19
80 33 7
80 34 12
80 35 16
80 36 3
80 37 1
80 38 1
80 39 3
80 40 5
80 41 11
80 42 2
80 43 20
80 44 9
80 45 1
80 46 16
80 47 11
80 49 18
80 50 1
80 51 8
80 52 19
80 53 7
80 54 11
80 55 19
80 56 8
80 57 4
80 58 4
80 60 3
80 61 1
80 62 16
80 63 14
80 65 4
80 66 2
80 67 12
80 68 18
80 69 19
80 70 19
80 71 13
80 72 3
80 73 3
80 74 16
80 75 19
80 76 2
80 77 19
80 78 11
80 79 13
81 0 12
81 1 12
81 2 15
81 3 2
81 4 14
81 5 16
81 6 7
81 7 7
81 8 18
81 9 4
81 10 6
81 11 10
81 12 5
81 13 5
81 14 2
81 15 6
81 16 15
81 17 1
81 18 4
81 19 1
81 20 14
81 21 15
81 22 10
81 23 7
81 24 3
81 25 17
81 26 17
81 27 1
81 28 18
81 29 20
81 30 10
81 32 12
81 33 18
81 34 9
81 35 16
81 36 1
81 37 5
81 38 1
81 39 12
81 40 10
81 41 4
81 42 1
81 43 19
81 44 4
81 45 15
81 46 10
81 47 18
81 49 10
81 50 12
81 51 14
81 52 12
81 53 6
81 54 11
81 55 1
81 56 10
81 57 11
81 58 20
81 59 14
81 60 19
81 61 16
81 62 13
81 63 12
81 64 10
81 65 16
81 66 15
81 67 5
81 68 5
81 70 17
81 71 5
81 72 8
81 73 20
81 74 4
81 75 17
81 76 18
81 77 17
81 78 9
81 79 15
81 80 5
82 0 10
82 1 17
82 2 16
82 4 15
82 5 3
82 6 5
82 7 3
82 8 7
82 9 11
82 10 3
82 11 9
82 12 9
82 14 2
82 15 8
82 16 11
82 17 10
82 18 6
82 19 6
82 20 1
82 21 12
82 22 13
82 23 19
82 24 2
82 25 17
82 26 15
82 27 12
82 28 16
82 29 8
82 30 18
82 31 13
82 32 11
82 33 15
82 34 11
82 35 11
82 36 3
82 37 13
82 39 13
82 40 13
82 41 15
82 43 11
82 44 1
82 45 16
82 46 10
82 47 20
82 48 8
82 49 13
82 50 11
82 51 7
82 52 19
82 53 18
82 55 16
82 56 11
82 57 10
82 58 10
82 60 18
82 61 19
82 62 12
82 63 15
82 64 4
82 65 2
82 66 5
82 67 11
82 68 10
82 69 9
82 70 3
82 71 2
82 72 18
82 73 2
82 74 7
82 75 2
82 76 14
82 77 15
82 78 9
82 79 16
82 80 5
82 81 16
83 0 2
83 1 18
83 2 12
83 3 2
83 4 5
83 7 1
83 8 18
83 9 19
83 10 2
83 12 13
83 13 16
83 15 3
83 16 4
83 17 3
83 18 14
83 19 4
83 20 10
83 21 2
83 22 16
83 23 19
83 24 11
83 25 15
83 26 8
83 27 8
83 28 7
83 29 14
83 30 2
83 31 1
83 32 18
83 33 10
83 34 18
83 35 14
83 36 17
83 37 18
83 38 8
83 39 8
83 40 18
83 41 13
83 42 14
83 43 5
83 44 6
83 45 14
83 46 10
83 47 10
83 49 15
83 50 3
83 51 5
83 52 12
83 53 2
83 54 20
83 55 13
83 56 9
83 57 5
83 58 14
83 59 2
83 60 5
83 61 9
83 62 17
83 63 18
83 64 19
83 65 18
83 66 1
83 67 8
83 68 6
83 69 15
83 70 18
83 71 5
83 72 12
83 73 7
83 74 10
83 75 15
83 76 6
83 77 15
83 78 6
83 79 19
83 80 19
83 81 8
83 82 8
84 0 3
84 1 15
84 2 17
84 3 6
84 4 16
84 5 16
84 6 11
84 8 16
84 9 16
84 10 13
84 11 17
84 12 7
84 13 14
84 14 17
84 15 20
84 16 13
84 17 8
84 18 8
84 19 10
84 20 4
84 21 7
84 22 8
84 23 10
84 24 10
84 25 16
84 26 20
84 27 18
84 28 11
84 29 1
84 30 19
84 31 15
84 34 7
84 35 20
84 36 6
84 37 2
84 38 3
84 39 14
84 64 6
84 65 1
84 66 7
84 67 13
84 68 14
84 69 10
84 70 16
84 71 10
84 72 6
84 73 14
84 74 1
84 75 15
84 76 19
84 77 6
84 78 6
84 79 8
84 80 20
84 81 15
84 82 16
85 0 17
85 1 8
85 2 3
85 4 13
85 5 8
85 31 15
85 32 2
85 33 17
85 34 7
85 35 6
85 36 17
85 37 14
85 38 6
85 40 10
85 41 5
85 69 15
85 70 10
85 71 5
85 72 15
85 73 3
85 74 8
85 75 12
85 76 13
85 77 4
85 78 17
85 79 13
85 80 2
85 81 4
85 82 2
85 83 11
85 84 4
86 0 17
86 1 2
86 2 13
86 3 5
86 25 16
86 26 9
86 27 10
86 28 17
86 29 12
86 30 15
86 31 16
86 32 3
86 33 16
86 34 15
86 35 18
86 36 6
86 37 8
86 38 15
86 39 20
86 40 15
86 41 16
86 42 8
86 43 4
86 44 4
86 45 14
86 46 19
86 47 15
86 48 12
86 49 2
86 50 1
87 5 2
87 6 2
87 8 19
87 9 10
87 10 11
87 25 11
87 26 9
87 27 18
87 28 2
87 29 3
87 30 4
87 31 16
87 32 15
87 33 17
87 34 12
87 35 5
87 36 20
87 37 18
87 38 11
87 39 10
87 40 18
87 41 8
87 42 6
87 43 7
87 44 13
87 45 3
87 46 6
87 47 1
87 48 8
87 49 15
87 50 17
87 51 14
87 52 5
87 53 19
87 54 3
87 55 3
87 56 15
87 57 8
87 58 12
87 59 19
87 60 12
87 84 8
87 85 17
87 86 13
88 1 14
88 2 9
88 4 16
88 5 15
88 6 6
88 38 17
88 39 11
88 40 17
88 41 17
88 80 18
88 81 10
88 82 4
88 83 5
88 84 7
88 85 19
88 86 14
88 87 5
89 0 1
89 1 3
89 2 13
89 3 8
89 20 18
89 21 5
89 22 2
89 23 2
89 84 5
89 85 17
89 86 3
89 87 16
89 88 15
90 1 9
90 2 5
90 3 2
90 4 14
90 7 6
90 8 1
90 9 11
90 10 8
90 11 18
90 12 6
90 13 6
90 14 3
90 21 1
90 22 7
90 75 2
90 76 17
90 77 5
90 78 9
90 79 20
90 80 8
90 81 3
90 82 4
90 84 15
91 16 7
91 17 19
91 18 15
91 19 11
91 20 19
91 21 11
91 22 4
91 23 16
91 24 10
91 25 6
91 26 20
91 27 9
91 28 20
91 29 4
91 30 9
91 31 1
91 32 15
91 33 18
91 35 16
91 36 2
91 37 19
91 38 14
91 39 2
91 40 5
91 72 20
91 73 4
91 74 7
91 75 2
91 76 2
91 77 15
91 78 16
91 79 2
91 80 15
91 81 13
91 82 12
91 83 10
91 84 4
91 85 12
91 86 18
91 87 15
91 88 1
91 89 20
91 90 11
92 0 15
92 1 15
92 2 13
92 3 10
92 4 2
92 78 14
92 79 13
92 80 2
92 81 18
92 82 15
92 83 12
92 84 4
92 85 18
92 86 6
92 87 7
92 88 12
92 89 12
92 91 10
93 0 8
93 33 3
93 34 1
93 35 9
93 46 15
93 47 17
93 48 15
93 49 2
94 31 13
94 32 15
94 33 14
94 34 2
94 35 3
94 36 6
94 37 15
94 38 2
94 39 18
94 40 3
94 41 8
94 42 13
94 43 19
94 44 15
94 45 10
94 66 3
94 67 6
94 68 8
94 70 13
94 71 19
94 72 2
94 74 13
94 75 4
94 76 7
94 77 16
94 78 17
94 79 15
94 80 14
94 81 11
94 82 19
94 83 6
94 84 11
94 85 2
94 86 7
94 87 3
94 88 17
94 89 10
94 90 16
94 91 4
94 92 7
94 93 11
95 0 15
95 1 2
95 2 13
95 3 3
95 4 4
95 5 17
95 6 10
95 7 18
95 8 3
95 9 5
95 11 17
95 40 18
95 41 18
95 42 15
95 43 14
95 45 3
95 46 14
95 47 5
95 48 6
95 49 14
95 50 13
95 51 13
95 52 19
95 53 17
95 54 15
95 55 14
95 56 17
95 57 5
95 58 12
95 59 1
95 60 9
95 61 6
96 21 20
96 22 1
96 23 7
96 24 8
96 25 3
96 26 7
96 27 10
96 28 20
96 29 4
96 30 6
96 31 19
96 32 16
96 33 9
96 34 12
96 35 20
96 36 7
96 94 19
96 95 5
97 0 15
97 1 19
97 2 17
97 3 11
97 4 13
97 5 7
97 6 1
97 8 3
97 9 9
97 10 9
97 11 5
97 20 16
97 65 4
97 66 8
97 67 17
97 68 17
97 70 14
97 71 11
97 72 1
97 73 6
97 74 13
97 92 10
97 93 17
97 94 11
97 95 1
98 50 13
98 51 9
98 52 1
98 53 3
98 54 9
98 55 11
98 71 9
98 72 8
98 90 20
98 91 12
98 92 8
98 93 15
98 94 4
98 95 4
98 96 8
98 97 12
99 0 3
99 1 6
99 2 15
99 3 12
99 4 3
99 5 15
99 6 3
99 14 16
99 15 19
99 16 7
99 17 2
99 18 16
99 19 19
99 20 3
99 21 14
99 22 13
99 23 1
99 38 19
99 39 17
99 40 10
99 41 4
99 42 6
99 43 18
99 44 18
99 46 15
99 47 2
99 60 19
99 61 17
99 62 14
99 63 7
99 64 5
99 65 12
99 66 8
99 67 20
99 68 11