
show the result (K Partition result) !!!


partition_Vi:0,sum_weight:2068

the members in the coarsening graph -> origional graph are:

423 -> 423 1456 1666 758 798 875 

2095 -> 2095 2954 2762 1696 2130 969 

1847 -> 1847 2025 2399 2312 402 813 

724 -> 724 1088 1031 1201 1345 364 

2497 -> 2497 170 592 1341 1247 1686 

253 -> 253 240 2233 2367 685 1522 

980 -> 980 788 490 1957 2383 2708 

1904 -> 1904 1881 1884 1585 41 1067 

2443 -> 2443 2502 1008 1033 1254 633 

669 -> 669 293 2313 1609 1670 1429 

909 -> 909 2669 2421 2948 2815 982 

1952 -> 1952 1740 1434 226 988 1037 

2182 -> 2182 374 2983 2091 1093 1531 

704 -> 704 1940 2976 2838 361 286 

2656 -> 2656 2271 2614 2712 1312 1764 

612 -> 612 468 2730 2530 1776 602 

2654 -> 2654 242 19 1996 2173 2037 

2226 -> 2226 2116 1172 2857 2726 76 

90 -> 90 1344 1471 1888 1658 10 

620 -> 620 2820 2710 2094 1127 996 

1516 -> 1516 1808 1393 2672 1891 1789 

1027 -> 1027 155 1771 1438 158 2153 

2498 -> 2498 336 1245 121 1205 2573 

2902 -> 2902 2914 2984 239 2486 245 

570 -> 570 966 736 2338 560 366 

2558 -> 2558 265 1702 1791 196 952 

1544 -> 1544 2080 2221 84 601 2584 

2105 -> 2105 2040 484 778 1453 2012 

968 -> 968 496 1013 1827 1137 

2131 -> 2131 2450 2426 2916 1803 

2746 -> 2746 2734 1298 2879 583 

2716 -> 2716 2454 573 2846 205 

1198 -> 1198 2689 2475 2266 1035 

2653 -> 2653 169 1849 1452 859 

2685 -> 2685 2960 2066 894 963 

1394 -> 1394 961 2825 1938 5 

2364 -> 2364 2580 2446 2676 2033 

2729 -> 2729 2792 372 722 354 

2270 -> 2270 983 1617 1421 417 

16 -> 16 2480 2597 2449 705 

2939 -> 2939 174 1669 1401 1099 

2379 -> 2379 2051 1191 726 2232 

2115 -> 2115 1398 931 2234 2377 

1357 -> 1357 2714 2969 2189 1489 

566 -> 566 1126 826 1632 1886 

2794 -> 2794 2994 88 2141 2090 

250 -> 250 883 1187 1842 2344 

1059 -> 1059 561 444 1297 1619 

703 -> 703 2535 2951 557 1530 

52 -> 52 1540 1136 276 217 

805 -> 805 912 1419 59 244 

2937 -> 2937 762 835 472 2295 

1030 -> 1030 139 1121 1131 1795 

234 -> 234 897 1422 2705 2366 

2831 -> 2831 2468 2020 1321 2396 

1079 -> 1079 339 2978 2852 2404 

693 -> 693 638 1922 431 2442 

1930 -> 1930 1667 864 2247 2027 

562 -> 562 1388 2578 2818 2571 

2458 -> 2458 2293 1262 1481 441 

191 -> 191 307 1998 1348 2216 

2961 -> 2961 2992 795 1455 2135 

2274 -> 2274 2305 1591 1613 1508 

916 -> 916 1070 790 292 18 

873 -> 873 1890 2245 506 29 

2921 -> 2921 2975 1824 2248 2511 

1990 -> 1990 1160 2160 2987 2824 

280 -> 280 0 2575 1939 1200 

1814 -> 1814 965 971 761 754 

658 -> 658 817 842 1823 2766 


partition_Vi:1,sum_weight:2063

the members in the coarsening graph -> origional graph are:

2620 -> 2620 2551 101 1327 1880 1006 459 

35 -> 35 1994 1972 2017 498 1242 665 

2855 -> 2855 2196 510 1299 2634 2225 2883 

1747 -> 1747 1541 385 2161 2209 413 1582 

2742 -> 2742 2127 11 1654 2000 2814 2924 

745 -> 745 132 2602 1051 707 786 886 

1784 -> 1784 2188 2178 1275 144 1836 1742 

2126 -> 2126 2030 1916 1232 2192 1675 1260 

2107 -> 2107 124 1065 811 898 445 396 

515 -> 515 1076 964 1104 2589 648 1028 

301 -> 301 696 1317 1417 1084 1290 1216 

2494 -> 2494 2849 2808 1128 1845 2082 613 

843 -> 843 700 2646 2823 303 2942 2798 

2906 -> 2906 2722 2979 2745 2264 2213 978 

63 -> 63 2329 2804 2721 2055 943 

1637 -> 1637 607 1058 261 439 767 

1454 -> 1454 1385 1288 2843 2915 2799 

2972 -> 2972 1411 2967 2493 2683 1949 

1177 -> 1177 1407 2560 2697 2918 36 

1741 -> 1741 1607 1954 2036 1683 2668 

129 -> 129 38 2057 1720 657 1467 

2353 -> 2353 2335 2361 2092 558 1525 

2782 -> 2782 2768 1600 742 2045 1788 

1951 -> 1951 725 1569 1432 928 1583 

259 -> 259 1620 1143 535 1449 2588 

26 -> 26 2104 2382 1279 1484 713 

2184 -> 2184 1300 25 437 1848 550 

819 -> 819 1466 2124 567 1738 1447 

552 -> 552 350 577 388 1731 69 

1002 -> 1002 1227 495 221 1426 1273 

2842 -> 2842 2591 1396 1782 2566 2009 

1005 -> 1005 989 151 378 2863 1618 

390 -> 390 2246 2741 2835 2419 2251 

959 -> 959 50 2134 1366 1464 1521 

1311 -> 1311 23 860 973 1574 1761 

410 -> 410 1825 1486 2231 2463 1386 

1896 -> 1896 1935 421 2613 1984 642 

1265 -> 1265 1643 1581 1448 598 610 

2348 -> 2348 2359 2572 911 1857 1043 

1256 -> 1256 1932 1780 625 187 2483 

2001 -> 2001 1867 1207 615 1017 1175 

936 -> 936 944 1208 1760 324 575 

2256 -> 2256 2288 429 1678 1970 2657 

1078 -> 1078 1042 1044 1537 2269 1873 

1917 -> 1917 1539 1221 264 1336 1179 

2882 -> 2882 2666 394 2709 2738 2411 

512 -> 512 998 2533 2488 508 543 

686 -> 686 1054 2776 2388 1159 2923 

670 -> 670 2302 2172 2217 1210 706 

825 -> 825 564 414 267 530 2068 

2885 -> 2885 2174 895 2698 2728 1492 

1323 -> 1323 1547 1575 1053 689 847 

1123 -> 1123 1593 1526 1744 1372 812 

765 -> 765 438 2185 1004 1091 2645 

2836 -> 2836 2006 2652 1418 828 44 

2047 -> 2047 1775 1580 2140 2625 1953 

1724 -> 1724 1169 306 1927 1400 1392 

1261 -> 1261 1305 772 889 1887 98 

1391 -> 1391 2544 2763 1915 2147 1204 

2060 -> 2060 2283 885 541 403 1638 

2241 -> 2241 107 464 1871 2389 2368 

2905 -> 2905 1832 1787 1604 2333 131 

1534 -> 1534 1622 1936 1202 1800 1425 

908 -> 908 926 1278 1080 2928 1897 

460 -> 460 699 1945 1293 211 83 


partition_Vi:2,sum_weight:2062

the members in the coarsening graph -> origional graph are:

1355 -> 1355 1018 2543 1101 235 899 1259 215 

2592 -> 2592 2660 2546 229 1858 332 407 57 

279 -> 279 331 1066 962 2186 2459 1102 1728 

2106 -> 2106 2400 2304 1807 1960 1374 2303 330 

751 -> 751 1397 2238 2563 2522 2119 2122 24 

2826 -> 2826 1038 1430 856 208 163 2686 1602 

2244 -> 2244 1520 1423 1170 1203 2953 974 1556 

995 -> 995 1151 1532 933 2089 2471 1495 1124 

2323 -> 2323 2235 606 2515 2451 164 1347 837 

949 -> 949 2164 1853 1382 1255 2032 1806 1644 

482 -> 482 559 1946 2121 529 1331 1190 1661 

458 -> 458 1056 783 1860 1554 461 2346 1768 

1752 -> 1752 1538 294 1660 1626 2608 2538 708 

1590 -> 1590 1813 2002 2200 357 2422 1759 1679 

2387 -> 2387 1837 1565 1100 1274 465 1553 1577 

611 -> 611 614 1611 1284 1875 2273 1595 2401 

214 -> 214 219 103 546 2548 2531 1325 1550 

2372 -> 2372 2414 1699 142 2583 2568 1032 2061 

1342 -> 1342 1171 628 673 2770 2307 1428 531 

2780 -> 2780 589 942 34 1186 1237 2582 2150 

907 -> 907 599 757 404 1181 207 2351 2099 

2704 -> 2704 2467 1879 258 2577 779 1197 2058 

1995 -> 1995 2167 517 2767 2760 1739 1988 1052 

2636 -> 2636 2239 1420 1599 1047 1068 338 426 

857 -> 857 2925 2847 1480 1332 576 1041 1973 

228 -> 228 297 2872 2555 2470 1877 1980 1369 

2452 -> 2452 2474 1711 1431 532 960 845 643 

2352 -> 2352 200 223 1166 1271 1636 381 2444 

2253 -> 2253 2917 2970 2128 2194 2349 1149 679 

1809 -> 1809 505 719 839 1645 2118 424 

2255 -> 2255 2413 1588 1436 2362 1982 328 

881 -> 881 2043 2100 1075 934 1963 1802 

2807 -> 2807 2371 1921 834 154 347 14 

1691 -> 1691 1756 1375 1414 1370 542 284 

1433 -> 1433 667 383 333 220 1036 1450 

2769 -> 2769 2886 2540 2755 33 2306 1712 

2981 -> 2981 2850 810 1269 153 2803 2737 

1869 -> 1869 1303 86 2260 2023 2019 2297 

49 -> 49 2514 2433 2022 618 634 349 

91 -> 91 2280 1766 1020 1086 1743 769 

668 -> 668 112 1283 1251 2630 28 1584 

1762 -> 1762 2249 1 2829 2929 1460 1796 

3 -> 3 756 2858 128 1545 2633 1506 

2345 -> 2345 2085 584 2604 2579 1324 1524 

2946 -> 2946 2952 1494 1307 1474 9 337 

299 -> 299 285 2547 2649 2561 2867 1050 

1573 -> 1573 1501 728 678 1154 1511 1199 

127 -> 127 246 32 1116 1529 2898 271 

1039 -> 1039 925 384 1437 1062 2784 2013 

2550 -> 2550 2332 824 2739 2243 1989 656 

2481 -> 2481 2525 2120 1180 1906 2301 893 

78 -> 78 260 1987 1968 2509 2593 2479 

1387 -> 1387 1358 375 1714 2596 945 1846 

619 -> 619 997 2076 1852 2527 1889 1224 

2935 -> 2935 630 892 935 721 2805 1416 

2936 -> 2936 587 838 1548 568 295 738 

1826 -> 1826 1971 2510 2631 1560 2690 2587 

193 -> 193 865 715 2642 2381 1697 2899 

335 -> 335 986 1727 1462 2046 1926 1499 

1461 -> 1461 1356 2851 72 763 1785 2063 


partition_Vi:3,sum_weight:2088

the members in the coarsening graph -> origional graph are:

1226 -> 1226 914 2373 2453 204 2275 2407 167 2658 2445 190 1026 

2429 -> 2429 1206 1085 108 156 2436 753 37 1725 1790 829 2648 

386 -> 386 67 2586 2519 2934 683 846 2168 2315 1003 1918 2138 

433 -> 433 466 1594 1608 2129 2181 1444 1055 2254 2203 1777 149 

2581 -> 2581 2524 2650 1641 1498 1309 2841 2300 2331 918 1570 1097 

2434 -> 2434 2326 31 1876 1680 836 1831 186 2316 624 474 

537 -> 537 418 1923 1778 544 957 771 2895 2800 430 994 

1465 -> 1465 1505 256 549 1648 871 536 296 929 1087 1016 

2904 -> 2904 2878 411 2365 1726 1463 2718 2325 1112 581 2078 

2860 -> 2860 2702 1147 2821 2569 2088 1830 1235 524 2490 2005 

1843 -> 1843 1710 195 138 2681 2024 435 2397 2476 1966 538 

487 -> 487 681 733 841 2077 1647 1134 780 1765 1799 2610 

2190 -> 2190 2219 2811 199 313 853 919 42 2093 1015 122 

752 -> 752 1911 2048 1158 2790 2528 2340 2 1981 178 302 

322 -> 322 266 288 2050 1885 12 119 1596 273 616 514 

596 -> 596 499 179 901 329 645 1071 1111 641 2541 1106 

1379 -> 1379 1346 47 1114 1409 1542 1639 687 1543 671 7 

172 -> 172 569 651 1684 1838 2888 2416 882 830 2447 

2764 -> 2764 2691 2420 1955 184 2291 1296 1610 1899 1315 

1568 -> 1568 1229 717 201 2699 1507 1340 789 344 691 

2395 -> 2395 2529 2151 309 456 803 1510 2743 2711 2321 

2626 -> 2626 2868 1343 434 1844 1178 905 712 1821 1985 

2330 -> 2330 2059 2054 348 2773 2374 2155 2222 162 2202 

171 -> 171 1856 1406 227 2053 2056 2678 2801 2268 729 

161 -> 161 591 342 1415 1195 818 97 896 1786 

1490 -> 1490 1746 556 283 2500 2343 2537 304 189 

125 -> 125 2487 1772 1000 930 365 1144 289 1839 

1264 -> 1264 1412 1156 1140 840 714 1443 1692 233 

2693 -> 2693 2677 1958 766 2774 2674 1674 862 655 

400 -> 400 210 1793 1950 1349 1676 1733 1291 2864 

1964 -> 1964 1551 2236 2211 2435 2296 1612 2071 891 

2392 -> 2392 2508 13 799 814 2282 2438 147 2752 

1439 -> 1439 1266 2292 1673 1107 1320 2240 1072 56 

2398 -> 2398 2384 1168 850 2635 2298 104 2532 2327 

2021 -> 2021 2073 833 1024 2097 2491 2647 269 1442 

2973 -> 2973 1244 948 1854 1497 646 182 2276 1689 

1723 -> 1723 82 370 399 371 2439 2410 1040 2802 

376 -> 376 1555 1730 1485 62 422 1061 1717 2431 

2087 -> 2087 807 427 635 793 1664 1628 491 526 

22 -> 22 647 1912 2197 720 718 2505 2749 2562 

452 -> 452 787 2574 2731 1380 554 1189 637 730 

1133 -> 1133 797 1034 820 479 1816 2109 1797 528 

605 -> 605 2621 2894 2250 2163 2157 368 2822 2876 

257 -> 257 1359 1258 1872 1635 1773 236 2810 2783 

298 -> 298 341 2206 1944 661 2927 2632 2856 1458 

1820 -> 1820 475 855 117 2342 734 2963 1390 

2465 -> 2465 1289 1316 1045 2611 2170 1694 373 

1737 -> 1737 1389 867 574 1184 2501 2317 442 

327 -> 327 977 2319 1965 2985 2873 903 617 

794 -> 794 764 2706 2962 1469 548 851 1870 

746 -> 746 1339 2171 1681 270 1979 1561 1287 

251 -> 251 2920 2680 1902 1901 1732 2812 2187 

449 -> 449 533 485 2887 2679 1513 604 2441 

148 -> 148 595 470 2432 2965 2334 2096 2144 

781 -> 781 727 363 1122 1361 1472 1081 652 

274 -> 274 690 356 1163 680 1192 2638 2980 

2062 -> 2062 2154 650 938 2098 1895 2796 2866 

2748 -> 2748 2839 2376 2356 255 858 2765 397 

2156 -> 2156 1829 775 915 136 230 2014 1959 


partition_Vi:4,sum_weight:2227

the members in the coarsening graph -> origional graph are:

30 -> 30 209 1267 878 2817 66 316 1974 1503 1306 1476 2166 1883 492 2424 254 1941 578 731 168 2853 2195 1046 1153 1642 315 1120 1001 

39 -> 39 2943 2968 343 502 320 2457 96 2523 2910 1586 1445 

77 -> 77 1656 1566 93 467 352 1851 2286 2328 1735 2601 2707 654 1685 870 

79 -> 79 110 1855 1512 702 593 2891 1810 1659 676 588 319 1294 

95 -> 95 666 1905 1962 2695 2570 1804 2067 2909 2865 2595 2594 2394 2318 1211 

206 -> 206 175 1671 1459 17 54 2959 2844 2828 2618 2715 2834 2220 

238 -> 238 1270 1185 1135 1023 457 1138 1231 453 2892 2565 582 109 2320 2065 1649 1272 1333 636 2035 2750 118 2874 2781 2409 

416 -> 416 2081 1828 2793 2615 2687 401 351 2859 2639 1090 1536 2464 

516 -> 516 346 2813 2787 906 1468 1655 1223 1173 1069 572 2462 2223 2125 2393 2517 2193 900 1194 1246 2405 2284 2585 1819 1769 

672 -> 672 953 1722 1931 1615 1527 2966 2837 808 822 866 709 827 2938 1217 

852 -> 852 902 180 126 951 773 181 2111 2402 923 518 525 848 1063 1233 1148 

874 -> 874 904 984 345 750 53 2482 2771 2148 2176 1014 2347 1504 

921 -> 921 884 408 644 451 2385 2797 869 1909 1767 405 664 282 291 2700 224 231 2809 2955 2665 2556 2044 1533 1708 1319 603 519 1213 992 

922 -> 922 412 425 493 318 659 326 2039 2179 1865 46 1363 1682 993 674 478 

924 -> 924 804 863 743 1074 1603 2363 1757 1552 2324 2900 21 

932 -> 932 1598 1563 157 65 2403 2993 2950 1326 1748 1755 1488 

958 -> 958 1132 1218 1377 1934 1281 1703 1322 2908 2911 2074 15 105 1817 2725 310 2779 1228 1157 2079 1834 2412 2169 2207 2004 1999 2485 2440 2165 503 2252 2177 

1060 -> 1060 739 2559 85 2336 2242 2191 2881 2694 1734 1141 2990 

1139 -> 1139 956 2897 2688 2084 2733 2791 2503 2775 2854 2539 150 68 

1150 -> 1150 979 60 194 1943 1859 597 1801 1986 488 2287 2875 1352 1509 202 2931 1709 1500 735 2949 116 1993 711 382 360 58 141 2989 2974 1549 1487 2870 2977 2357 

1161 -> 1161 1338 975 480 2999 2496 113 2339 2210 2495 2083 2086 1718 1129 1424 504 1109 2757 2358 1193 2786 2696 801 

1183 -> 1183 1502 1893 2262 876 2922 75 2744 2663 1402 1257 1878 1496 2553 2884 2070 1130 540 2007 2123 927 2957 2682 218 415 183 2484 70 94 1108 2545 2659 759 534 

1188 -> 1188 913 106 165 1815 1630 1900 2011 1277 1103 941 513 2378 1908 2227 2386 1082 1427 1668 43 

1239 -> 1239 1384 2723 2461 2889 2607 1405 2640 571 723 2958 2261 2390 

1301 -> 1301 1662 1991 1920 662 486 1719 1473 1967 1929 585 419 1688 1482 

1310 -> 1310 1268 701 1627 844 1805 1253 272 115 600 831 489 455 8 

1313 -> 1313 1314 590 2869 188 1282 1337 27 20 710 823 1360 1286 2651 565 1705 1589 741 688 749 393 1479 1117 563 2521 2218 1022 2417 2557 1057 

1399 -> 1399 1308 2932 2719 849 45 450 1798 1413 791 2158 2137 520 

1446 -> 1446 1716 377 177 160 985 395 2600 2590 2380 73 243 2456 2132 832 

1693 -> 1693 2016 1983 1578 1220 663 792 653 2322 2740 1942 1601 2272 2142 2214 323 2258 880 697 621 1368 1634 1263 2460 2139 2263 2038 1811 380 2643 440 1792 2391 2418 1335 890 1146 1214 1162 61 71 2257 2926 2785 

1713 -> 1713 1992 222 1019 694 275 89 173 579 359 2603 2662 1435 553 

1715 -> 1715 1528 990 290 2448 1295 2623 2133 1572 509 501 800 1095 1403 755 649 2893 2947 2724 2670 2110 1457 1559 2354 2308 2542 152 1353 

1781 -> 1781 1546 877 2408 2576 1371 939 774 1571 1477 815 1113 2727 

1812 -> 1812 1238 1174 1997 2627 2612 2982 1704 1866 176 1758 2267 2278 1515 

1818 -> 1818 1625 462 2101 1892 6 2516 2112 2003 1621 432 1564 1623 698 

1833 -> 1833 2028 684 2472 2644 999 1048 321 2103 123 2991 2736 1493 355 2641 2473 1977 2010 1009 627 1597 317 594 1736 1754 1770 1947 2029 1913 1395 2609 2314 2199 2430 

1910 -> 1910 1933 2871 311 2747 2986 868 1653 2732 134 443 1167 888 586 796 777 861 784 970 954 2299 2310 2941 2901 1894 1850 1125 2072 1698 1250 675 976 1021 760 695 

1961 -> 1961 2108 2605 2360 247 2912 2661 946 2375 2406 1631 511 551 2827 2616 2205 

1978 -> 1978 2212 477 2816 2466 626 48 99 2919 2425 1252 1165 2337 639 2237 2149 1863 1975 631 1657 1519 2369 268 1248 494 447 1518 1567 1695 1840 1318 

2008 -> 2008 2034 1750 2756 2518 1367 2673 241 1579 1557 950 1404 1230 917 2930 2619 2042 2031 2655 436 2265 555 1212 1077 1587 391 114 463 1663 1882 1948 987 1925 1745 1665 1470 1362 740 1924 1592 2754 2890 

2049 -> 2049 2026 1633 314 409 145 1410 782 2907 2778 1749 2198 1706 1483 192 1249 1240 2913 2819 389 816 1605 1976 

2113 -> 2113 2204 1700 2720 2848 185 522 225 2862 1646 1614 1152 64 

2136 -> 2136 2259 387 133 1914 1969 937 1606 1098 1234 471 2788 2880 2996 2598 955 473 623 1115 1049 111 

2215 -> 2215 1701 277 481 2717 213 1763 1956 1383 1164 768 2789 2832 2145 1142 748 1073 1083 910 1092 2069 2041 732 1329 1155 967 737 

2290 -> 2290 2279 1919 981 1176 1209 1779 4 55 2075 1862 263 262 

2415 -> 2415 2567 135 305 629 1010 682 1334 770 539 448 806 1105 2152 2229 159 

2455 -> 2455 1576 1182 854 1304 1225 887 2018 1835 1517 1064 1558 1110 809 1351 2758 

2489 -> 2489 2637 2833 137 252 1523 362 1007 334 2520 2285 483 1328 1243 216 120 2289 2628 1350 2437 2224 2175 1089 640 2671 2759 747 2806 340 1376 1937 1535 92 353 2692 2512 744 2492 2052 1451 1364 

2526 -> 2526 2629 1094 2143 1928 1864 1652 1012 1219 203 1441 1562 2554 2507 1330 

2536 -> 2536 2684 1475 2761 2945 1751 523 287 660 1222 692 872 609 248 446 2294 2114 677 80 1907 

2549 -> 2549 2201 622 300 369 1236 1280 1354 1292 100 140 2675 2102 454 920 1096 2180 2230 1365 2933 2903 197 308 2751 358 406 2506 2423 2606 2552 1145 785 521 1774 232 

2599 -> 2599 2703 1868 1707 802 716 2477 2228 821 500 1276 1285 2667 2713 580 212 2427 2183 2564 2534 398 2478 2624 1241 1011 

2622 -> 2622 1215 325 2281 2995 2350 281 312 1794 1861 2504 51 

2701 -> 2701 2956 608 143 278 2064 1898 1025 1119 2772 2830 1903 1651 2162 102 40 

2845 -> 2845 2777 2499 1690 1624 940 1196 1440 1408 1841 1616 428 237 1874 1721 1491 1373 879 249 632 2159 2117 469 1650 1514 527 

2877 -> 2877 2208 2311 2370 1640 1302 507 2944 2940 972 1672 166 130 2896 2341 497 2795 2861 545 2277 2146 1629 1822 

2997 -> 2997 2309 1783 1729 1687 1381 1118 1029 947 2513 991 146 198 2988 2971 2840 2735 1378 1677 2469 81 

2998 -> 2998 2617 2428 2753 2964 1478 2015 87 379 547 476 367 420 2355 2664 1753 392 74 776 



The Commumition Cost of the Final Result is : 33551192 
